2
5  200   20   30    0    0    0    0
60  100   20   30   10   10   10   10
10  150  200  130   10  10   10 -100
40  250  450  500   10  100   10   10
60  300  400  550  650  100  100  100
10  325  360  560  575  500  200  300
450  250  200  300  400  300  400  350
400    0   50  100  150  200  250  300
5  200   20   30    0    0    0    0
15  100   20   30   10   10   10   10
20  150  200  130   10  10   10 -100
30  250  450  500   10  100   10   10
60  300  400  550  650  100  100  100
100  325  360  560  575  500  200  300
150  250  200  300  550  500  400  350
200 250  300  350  400  450  250  300